# Tiny Monte Carlo by Scott Prahl (http://omlc.ogi.edu)
# 1 W Point Source Heating in Infinite Isotropic Scattering Medium
# CPU version, adapted for PEAGPGPU by Gustavo Castellano and Nicolas Wolovick
# Scattering =   20.000/cm
# Absorption =    2.000/cm
# Photons    =    32768
#
# 0.096731 seconds
# 338.755289 K photons per second
# Radius	Heat
# [microns]	[W/cm^3]	Error
     0	 20642.04053	   308.16372
    50	  3315.85045	    45.46015
   100	  1302.99255	    16.91018
   150	   734.32475	     8.85882
   200	   483.81431	     5.45150
   250	   345.57216	     3.68122
   300	   255.71447	     2.61979
   350	   200.54016	     1.96658
   400	   158.96958	     1.51090
   450	   131.29885	     1.20362
   500	   110.77046	     0.97715
   550	    93.39884	     0.80546
   600	    80.18984	     0.67180
   650	    69.49360	     0.57036
   700	    60.89922	     0.48680
   750	    53.90137	     0.42087
   800	    47.26506	     0.36547
   850	    41.22419	     0.31798
   900	    37.53349	     0.28049
   950	    32.44999	     0.24538
  1000	    29.47773	     0.21919
  1050	    26.89811	     0.19709
  1100	    23.71881	     0.17565
  1150	    21.59107	     0.15809
  1200	    19.49840	     0.14219
  1250	    17.60145	     0.12860
  1300	    15.99329	     0.11708
  1350	    14.58164	     0.10668
  1400	    12.98968	     0.09647
  1450	    12.10002	     0.08875
  1500	    11.14208	     0.08178
  1550	    10.09079	     0.07408
  1600	     9.33128	     0.06895
  1650	     8.64311	     0.06369
  1700	     7.79503	     0.05810
  1750	     7.09453	     0.05339
  1800	     6.62025	     0.04984
  1850	     6.15973	     0.04673
  1900	     5.70158	     0.04337
  1950	     5.10317	     0.03986
  2000	     4.85887	     0.03764
  2050	     4.40179	     0.03492
  2100	     4.02090	     0.03232
  2150	     3.68723	     0.02994
  2200	     3.39546	     0.02799
  2250	     3.21382	     0.02675
  2300	     2.96570	     0.02465
  2350	     2.76878	     0.02327
  2400	     2.54534	     0.02166
  2450	     2.34696	     0.02022
  2500	     2.15775	     0.01902
  2550	     2.03590	     0.01812
  2600	     1.85386	     0.01669
  2650	     1.72056	     0.01561
  2700	     1.63423	     0.01491
  2750	     1.49045	     0.01387
  2800	     1.38146	     0.01311
  2850	     1.26903	     0.01225
  2900	     1.17223	     0.01140
  2950	     1.10236	     0.01093
  3000	     1.02495	     0.01030
  3050	     0.96889	     0.00976
  3100	     0.91174	     0.00935
  3150	     0.85213	     0.00880
  3200	     0.77691	     0.00811
  3250	     0.74162	     0.00786
  3300	     0.67686	     0.00741
  3350	     0.64083	     0.00701
  3400	     0.59108	     0.00655
  3450	     0.55753	     0.00627
  3500	     0.51019	     0.00579
  3550	     0.47659	     0.00554
  3600	     0.45347	     0.00536
  3650	     0.41849	     0.00506
  3700	     0.38701	     0.00473
  3750	     0.36231	     0.00453
  3800	     0.34673	     0.00435
  3850	     0.32105	     0.00405
  3900	     0.29597	     0.00383
  3950	     0.26643	     0.00349
  4000	     0.25036	     0.00342
  4050	     0.23321	     0.00312
  4100	     0.22031	     0.00300
  4150	     0.21393	     0.00298
  4200	     0.19876	     0.00275
  4250	     0.18606	     0.00261
  4300	     0.17597	     0.00252
  4350	     0.15338	     0.00229
  4400	     0.14743	     0.00214
  4450	     0.13745	     0.00207
  4500	     0.12911	     0.00196
  4550	     0.12007	     0.00186
  4600	     0.11075	     0.00175
  4650	     0.10760	     0.00170
  4700	     0.09787	     0.00157
  4750	     0.09642	     0.00157
  4800	     0.08693	     0.00143
  4850	     0.08341	     0.00139
  4900	     0.07696	     0.00134
  4950	     0.07420	     0.00129
# extra	     0.02344
# Tiny Monte Carlo by Scott Prahl (http://omlc.ogi.edu)
# 1 W Point Source Heating in Infinite Isotropic Scattering Medium
# CPU version, adapted for PEAGPGPU by Gustavo Castellano and Nicolas Wolovick
# Scattering =   20.000/cm
# Absorption =    2.000/cm
# Photons    =    32768
#
# 0.096692 seconds
# 338.891833 K photons per second
# Radius	Heat
# [microns]	[W/cm^3]	Error
     0	 20642.04053	   308.16372
    50	  3315.85045	    45.46015
   100	  1302.99255	    16.91018
   150	   734.32475	     8.85882
   200	   483.81431	     5.45150
   250	   345.57216	     3.68122
   300	   255.71447	     2.61979
   350	   200.54016	     1.96658
   400	   158.96958	     1.51090
   450	   131.29885	     1.20362
   500	   110.77046	     0.97715
   550	    93.39884	     0.80546
   600	    80.18984	     0.67180
   650	    69.49360	     0.57036
   700	    60.89922	     0.48680
   750	    53.90137	     0.42087
   800	    47.26506	     0.36547
   850	    41.22419	     0.31798
   900	    37.53349	     0.28049
   950	    32.44999	     0.24538
  1000	    29.47773	     0.21919
  1050	    26.89811	     0.19709
  1100	    23.71881	     0.17565
  1150	    21.59107	     0.15809
  1200	    19.49840	     0.14219
  1250	    17.60145	     0.12860
  1300	    15.99329	     0.11708
  1350	    14.58164	     0.10668
  1400	    12.98968	     0.09647
  1450	    12.10002	     0.08875
  1500	    11.14208	     0.08178
  1550	    10.09079	     0.07408
  1600	     9.33128	     0.06895
  1650	     8.64311	     0.06369
  1700	     7.79503	     0.05810
  1750	     7.09453	     0.05339
  1800	     6.62025	     0.04984
  1850	     6.15973	     0.04673
  1900	     5.70158	     0.04337
  1950	     5.10317	     0.03986
  2000	     4.85887	     0.03764
  2050	     4.40179	     0.03492
  2100	     4.02090	     0.03232
  2150	     3.68723	     0.02994
  2200	     3.39546	     0.02799
  2250	     3.21382	     0.02675
  2300	     2.96570	     0.02465
  2350	     2.76878	     0.02327
  2400	     2.54534	     0.02166
  2450	     2.34696	     0.02022
  2500	     2.15775	     0.01902
  2550	     2.03590	     0.01812
  2600	     1.85386	     0.01669
  2650	     1.72056	     0.01561
  2700	     1.63423	     0.01491
  2750	     1.49045	     0.01387
  2800	     1.38146	     0.01311
  2850	     1.26903	     0.01225
  2900	     1.17223	     0.01140
  2950	     1.10236	     0.01093
  3000	     1.02495	     0.01030
  3050	     0.96889	     0.00976
  3100	     0.91174	     0.00935
  3150	     0.85213	     0.00880
  3200	     0.77691	     0.00811
  3250	     0.74162	     0.00786
  3300	     0.67686	     0.00741
  3350	     0.64083	     0.00701
  3400	     0.59108	     0.00655
  3450	     0.55753	     0.00627
  3500	     0.51019	     0.00579
  3550	     0.47659	     0.00554
  3600	     0.45347	     0.00536
  3650	     0.41849	     0.00506
  3700	     0.38701	     0.00473
  3750	     0.36231	     0.00453
  3800	     0.34673	     0.00435
  3850	     0.32105	     0.00405
  3900	     0.29597	     0.00383
  3950	     0.26643	     0.00349
  4000	     0.25036	     0.00342
  4050	     0.23321	     0.00312
  4100	     0.22031	     0.00300
  4150	     0.21393	     0.00298
  4200	     0.19876	     0.00275
  4250	     0.18606	     0.00261
  4300	     0.17597	     0.00252
  4350	     0.15338	     0.00229
  4400	     0.14743	     0.00214
  4450	     0.13745	     0.00207
  4500	     0.12911	     0.00196
  4550	     0.12007	     0.00186
  4600	     0.11075	     0.00175
  4650	     0.10760	     0.00170
  4700	     0.09787	     0.00157
  4750	     0.09642	     0.00157
  4800	     0.08693	     0.00143
  4850	     0.08341	     0.00139
  4900	     0.07696	     0.00134
  4950	     0.07420	     0.00129
# extra	     0.02344
# Tiny Monte Carlo by Scott Prahl (http://omlc.ogi.edu)
# 1 W Point Source Heating in Infinite Isotropic Scattering Medium
# CPU version, adapted for PEAGPGPU by Gustavo Castellano and Nicolas Wolovick
# Scattering =   20.000/cm
# Absorption =    2.000/cm
# Photons    =    32768
#
# 0.090907 seconds
# 360.457789 K photons per second
# Radius	Heat
# [microns]	[W/cm^3]	Error
     0	 20642.04053	   308.16372
    50	  3315.85045	    45.46015
   100	  1302.99255	    16.91018
   150	   734.32475	     8.85882
   200	   483.81431	     5.45150
   250	   345.57216	     3.68122
   300	   255.71447	     2.61979
   350	   200.54016	     1.96658
   400	   158.96958	     1.51090
   450	   131.29885	     1.20362
   500	   110.77046	     0.97715
   550	    93.39884	     0.80546
   600	    80.18984	     0.67180
   650	    69.49360	     0.57036
   700	    60.89922	     0.48680
   750	    53.90137	     0.42087
   800	    47.26506	     0.36547
   850	    41.22419	     0.31798
   900	    37.53349	     0.28049
   950	    32.44999	     0.24538
  1000	    29.47773	     0.21919
  1050	    26.89811	     0.19709
  1100	    23.71881	     0.17565
  1150	    21.59107	     0.15809
  1200	    19.49840	     0.14219
  1250	    17.60145	     0.12860
  1300	    15.99329	     0.11708
  1350	    14.58164	     0.10668
  1400	    12.98968	     0.09647
  1450	    12.10002	     0.08875
  1500	    11.14208	     0.08178
  1550	    10.09079	     0.07408
  1600	     9.33128	     0.06895
  1650	     8.64311	     0.06369
  1700	     7.79503	     0.05810
  1750	     7.09453	     0.05339
  1800	     6.62025	     0.04984
  1850	     6.15973	     0.04673
  1900	     5.70158	     0.04337
  1950	     5.10317	     0.03986
  2000	     4.85887	     0.03764
  2050	     4.40179	     0.03492
  2100	     4.02090	     0.03232
  2150	     3.68723	     0.02994
  2200	     3.39546	     0.02799
  2250	     3.21382	     0.02675
  2300	     2.96570	     0.02465
  2350	     2.76878	     0.02327
  2400	     2.54534	     0.02166
  2450	     2.34696	     0.02022
  2500	     2.15775	     0.01902
  2550	     2.03590	     0.01812
  2600	     1.85386	     0.01669
  2650	     1.72056	     0.01561
  2700	     1.63423	     0.01491
  2750	     1.49045	     0.01387
  2800	     1.38146	     0.01311
  2850	     1.26903	     0.01225
  2900	     1.17223	     0.01140
  2950	     1.10236	     0.01093
  3000	     1.02495	     0.01030
  3050	     0.96889	     0.00976
  3100	     0.91174	     0.00935
  3150	     0.85213	     0.00880
  3200	     0.77691	     0.00811
  3250	     0.74162	     0.00786
  3300	     0.67686	     0.00741
  3350	     0.64083	     0.00701
  3400	     0.59108	     0.00655
  3450	     0.55753	     0.00627
  3500	     0.51019	     0.00579
  3550	     0.47659	     0.00554
  3600	     0.45347	     0.00536
  3650	     0.41849	     0.00506
  3700	     0.38701	     0.00473
  3750	     0.36231	     0.00453
  3800	     0.34673	     0.00435
  3850	     0.32105	     0.00405
  3900	     0.29597	     0.00383
  3950	     0.26643	     0.00349
  4000	     0.25036	     0.00342
  4050	     0.23321	     0.00312
  4100	     0.22031	     0.00300
  4150	     0.21393	     0.00298
  4200	     0.19876	     0.00275
  4250	     0.18606	     0.00261
  4300	     0.17597	     0.00252
  4350	     0.15338	     0.00229
  4400	     0.14743	     0.00214
  4450	     0.13745	     0.00207
  4500	     0.12911	     0.00196
  4550	     0.12007	     0.00186
  4600	     0.11075	     0.00175
  4650	     0.10760	     0.00170
  4700	     0.09787	     0.00157
  4750	     0.09642	     0.00157
  4800	     0.08693	     0.00143
  4850	     0.08341	     0.00139
  4900	     0.07696	     0.00134
  4950	     0.07420	     0.00129
# extra	     0.02344
# Tiny Monte Carlo by Scott Prahl (http://omlc.ogi.edu)
# 1 W Point Source Heating in Infinite Isotropic Scattering Medium
# CPU version, adapted for PEAGPGPU by Gustavo Castellano and Nicolas Wolovick
# Scattering =   20.000/cm
# Absorption =    2.000/cm
# Photons    =    32768
#
# 0.093727 seconds
# 349.611623 K photons per second
# Radius	Heat
# [microns]	[W/cm^3]	Error
     0	 20642.04053	   308.16372
    50	  3315.85045	    45.46015
   100	  1302.99255	    16.91018
   150	   734.32475	     8.85882
   200	   483.81431	     5.45150
   250	   345.57216	     3.68122
   300	   255.71447	     2.61979
   350	   200.54016	     1.96658
   400	   158.96958	     1.51090
   450	   131.29885	     1.20362
   500	   110.77046	     0.97715
   550	    93.39884	     0.80546
   600	    80.18984	     0.67180
   650	    69.49360	     0.57036
   700	    60.89922	     0.48680
   750	    53.90137	     0.42087
   800	    47.26506	     0.36547
   850	    41.22419	     0.31798
   900	    37.53349	     0.28049
   950	    32.44999	     0.24538
  1000	    29.47773	     0.21919
  1050	    26.89811	     0.19709
  1100	    23.71881	     0.17565
  1150	    21.59107	     0.15809
  1200	    19.49840	     0.14219
  1250	    17.60145	     0.12860
  1300	    15.99329	     0.11708
  1350	    14.58164	     0.10668
  1400	    12.98968	     0.09647
  1450	    12.10002	     0.08875
  1500	    11.14208	     0.08178
  1550	    10.09079	     0.07408
  1600	     9.33128	     0.06895
  1650	     8.64311	     0.06369
  1700	     7.79503	     0.05810
  1750	     7.09453	     0.05339
  1800	     6.62025	     0.04984
  1850	     6.15973	     0.04673
  1900	     5.70158	     0.04337
  1950	     5.10317	     0.03986
  2000	     4.85887	     0.03764
  2050	     4.40179	     0.03492
  2100	     4.02090	     0.03232
  2150	     3.68723	     0.02994
  2200	     3.39546	     0.02799
  2250	     3.21382	     0.02675
  2300	     2.96570	     0.02465
  2350	     2.76878	     0.02327
  2400	     2.54534	     0.02166
  2450	     2.34696	     0.02022
  2500	     2.15775	     0.01902
  2550	     2.03590	     0.01812
  2600	     1.85386	     0.01669
  2650	     1.72056	     0.01561
  2700	     1.63423	     0.01491
  2750	     1.49045	     0.01387
  2800	     1.38146	     0.01311
  2850	     1.26903	     0.01225
  2900	     1.17223	     0.01140
  2950	     1.10236	     0.01093
  3000	     1.02495	     0.01030
  3050	     0.96889	     0.00976
  3100	     0.91174	     0.00935
  3150	     0.85213	     0.00880
  3200	     0.77691	     0.00811
  3250	     0.74162	     0.00786
  3300	     0.67686	     0.00741
  3350	     0.64083	     0.00701
  3400	     0.59108	     0.00655
  3450	     0.55753	     0.00627
  3500	     0.51019	     0.00579
  3550	     0.47659	     0.00554
  3600	     0.45347	     0.00536
  3650	     0.41849	     0.00506
  3700	     0.38701	     0.00473
  3750	     0.36231	     0.00453
  3800	     0.34673	     0.00435
  3850	     0.32105	     0.00405
  3900	     0.29597	     0.00383
  3950	     0.26643	     0.00349
  4000	     0.25036	     0.00342
  4050	     0.23321	     0.00312
  4100	     0.22031	     0.00300
  4150	     0.21393	     0.00298
  4200	     0.19876	     0.00275
  4250	     0.18606	     0.00261
  4300	     0.17597	     0.00252
  4350	     0.15338	     0.00229
  4400	     0.14743	     0.00214
  4450	     0.13745	     0.00207
  4500	     0.12911	     0.00196
  4550	     0.12007	     0.00186
  4600	     0.11075	     0.00175
  4650	     0.10760	     0.00170
  4700	     0.09787	     0.00157
  4750	     0.09642	     0.00157
  4800	     0.08693	     0.00143
  4850	     0.08341	     0.00139
  4900	     0.07696	     0.00134
  4950	     0.07420	     0.00129
# extra	     0.02344
# Tiny Monte Carlo by Scott Prahl (http://omlc.ogi.edu)
# 1 W Point Source Heating in Infinite Isotropic Scattering Medium
# CPU version, adapted for PEAGPGPU by Gustavo Castellano and Nicolas Wolovick
# Scattering =   20.000/cm
# Absorption =    2.000/cm
# Photons    =    32768
#
# 0.090319 seconds
# 362.801102 K photons per second
# Radius	Heat
# [microns]	[W/cm^3]	Error
     0	 20642.04053	   308.16372
    50	  3315.85045	    45.46015
   100	  1302.99255	    16.91018
   150	   734.32475	     8.85882
   200	   483.81431	     5.45150
   250	   345.57216	     3.68122
   300	   255.71447	     2.61979
   350	   200.54016	     1.96658
   400	   158.96958	     1.51090
   450	   131.29885	     1.20362
   500	   110.77046	     0.97715
   550	    93.39884	     0.80546
   600	    80.18984	     0.67180
   650	    69.49360	     0.57036
   700	    60.89922	     0.48680
   750	    53.90137	     0.42087
   800	    47.26506	     0.36547
   850	    41.22419	     0.31798
   900	    37.53349	     0.28049
   950	    32.44999	     0.24538
  1000	    29.47773	     0.21919
  1050	    26.89811	     0.19709
  1100	    23.71881	     0.17565
  1150	    21.59107	     0.15809
  1200	    19.49840	     0.14219
  1250	    17.60145	     0.12860
  1300	    15.99329	     0.11708
  1350	    14.58164	     0.10668
  1400	    12.98968	     0.09647
  1450	    12.10002	     0.08875
  1500	    11.14208	     0.08178
  1550	    10.09079	     0.07408
  1600	     9.33128	     0.06895
  1650	     8.64311	     0.06369
  1700	     7.79503	     0.05810
  1750	     7.09453	     0.05339
  1800	     6.62025	     0.04984
  1850	     6.15973	     0.04673
  1900	     5.70158	     0.04337
  1950	     5.10317	     0.03986
  2000	     4.85887	     0.03764
  2050	     4.40179	     0.03492
  2100	     4.02090	     0.03232
  2150	     3.68723	     0.02994
  2200	     3.39546	     0.02799
  2250	     3.21382	     0.02675
  2300	     2.96570	     0.02465
  2350	     2.76878	     0.02327
  2400	     2.54534	     0.02166
  2450	     2.34696	     0.02022
  2500	     2.15775	     0.01902
  2550	     2.03590	     0.01812
  2600	     1.85386	     0.01669
  2650	     1.72056	     0.01561
  2700	     1.63423	     0.01491
  2750	     1.49045	     0.01387
  2800	     1.38146	     0.01311
  2850	     1.26903	     0.01225
  2900	     1.17223	     0.01140
  2950	     1.10236	     0.01093
  3000	     1.02495	     0.01030
  3050	     0.96889	     0.00976
  3100	     0.91174	     0.00935
  3150	     0.85213	     0.00880
  3200	     0.77691	     0.00811
  3250	     0.74162	     0.00786
  3300	     0.67686	     0.00741
  3350	     0.64083	     0.00701
  3400	     0.59108	     0.00655
  3450	     0.55753	     0.00627
  3500	     0.51019	     0.00579
  3550	     0.47659	     0.00554
  3600	     0.45347	     0.00536
  3650	     0.41849	     0.00506
  3700	     0.38701	     0.00473
  3750	     0.36231	     0.00453
  3800	     0.34673	     0.00435
  3850	     0.32105	     0.00405
  3900	     0.29597	     0.00383
  3950	     0.26643	     0.00349
  4000	     0.25036	     0.00342
  4050	     0.23321	     0.00312
  4100	     0.22031	     0.00300
  4150	     0.21393	     0.00298
  4200	     0.19876	     0.00275
  4250	     0.18606	     0.00261
  4300	     0.17597	     0.00252
  4350	     0.15338	     0.00229
  4400	     0.14743	     0.00214
  4450	     0.13745	     0.00207
  4500	     0.12911	     0.00196
  4550	     0.12007	     0.00186
  4600	     0.11075	     0.00175
  4650	     0.10760	     0.00170
  4700	     0.09787	     0.00157
  4750	     0.09642	     0.00157
  4800	     0.08693	     0.00143
  4850	     0.08341	     0.00139
  4900	     0.07696	     0.00134
  4950	     0.07420	     0.00129
# extra	     0.02344
# Tiny Monte Carlo by Scott Prahl (http://omlc.ogi.edu)
# 1 W Point Source Heating in Infinite Isotropic Scattering Medium
# CPU version, adapted for PEAGPGPU by Gustavo Castellano and Nicolas Wolovick
# Scattering =   20.000/cm
# Absorption =    2.000/cm
# Photons    =    32768
#
# 0.091319 seconds
# 358.828401 K photons per second
# Radius	Heat
# [microns]	[W/cm^3]	Error
     0	 20642.04053	   308.16372
    50	  3315.85045	    45.46015
   100	  1302.99255	    16.91018
   150	   734.32475	     8.85882
   200	   483.81431	     5.45150
   250	   345.57216	     3.68122
   300	   255.71447	     2.61979
   350	   200.54016	     1.96658
   400	   158.96958	     1.51090
   450	   131.29885	     1.20362
   500	   110.77046	     0.97715
   550	    93.39884	     0.80546
   600	    80.18984	     0.67180
   650	    69.49360	     0.57036
   700	    60.89922	     0.48680
   750	    53.90137	     0.42087
   800	    47.26506	     0.36547
   850	    41.22419	     0.31798
   900	    37.53349	     0.28049
   950	    32.44999	     0.24538
  1000	    29.47773	     0.21919
  1050	    26.89811	     0.19709
  1100	    23.71881	     0.17565
  1150	    21.59107	     0.15809
  1200	    19.49840	     0.14219
  1250	    17.60145	     0.12860
  1300	    15.99329	     0.11708
  1350	    14.58164	     0.10668
  1400	    12.98968	     0.09647
  1450	    12.10002	     0.08875
  1500	    11.14208	     0.08178
  1550	    10.09079	     0.07408
  1600	     9.33128	     0.06895
  1650	     8.64311	     0.06369
  1700	     7.79503	     0.05810
  1750	     7.09453	     0.05339
  1800	     6.62025	     0.04984
  1850	     6.15973	     0.04673
  1900	     5.70158	     0.04337
  1950	     5.10317	     0.03986
  2000	     4.85887	     0.03764
  2050	     4.40179	     0.03492
  2100	     4.02090	     0.03232
  2150	     3.68723	     0.02994
  2200	     3.39546	     0.02799
  2250	     3.21382	     0.02675
  2300	     2.96570	     0.02465
  2350	     2.76878	     0.02327
  2400	     2.54534	     0.02166
  2450	     2.34696	     0.02022
  2500	     2.15775	     0.01902
  2550	     2.03590	     0.01812
  2600	     1.85386	     0.01669
  2650	     1.72056	     0.01561
  2700	     1.63423	     0.01491
  2750	     1.49045	     0.01387
  2800	     1.38146	     0.01311
  2850	     1.26903	     0.01225
  2900	     1.17223	     0.01140
  2950	     1.10236	     0.01093
  3000	     1.02495	     0.01030
  3050	     0.96889	     0.00976
  3100	     0.91174	     0.00935
  3150	     0.85213	     0.00880
  3200	     0.77691	     0.00811
  3250	     0.74162	     0.00786
  3300	     0.67686	     0.00741
  3350	     0.64083	     0.00701
  3400	     0.59108	     0.00655
  3450	     0.55753	     0.00627
  3500	     0.51019	     0.00579
  3550	     0.47659	     0.00554
  3600	     0.45347	     0.00536
  3650	     0.41849	     0.00506
  3700	     0.38701	     0.00473
  3750	     0.36231	     0.00453
  3800	     0.34673	     0.00435
  3850	     0.32105	     0.00405
  3900	     0.29597	     0.00383
  3950	     0.26643	     0.00349
  4000	     0.25036	     0.00342
  4050	     0.23321	     0.00312
  4100	     0.22031	     0.00300
  4150	     0.21393	     0.00298
  4200	     0.19876	     0.00275
  4250	     0.18606	     0.00261
  4300	     0.17597	     0.00252
  4350	     0.15338	     0.00229
  4400	     0.14743	     0.00214
  4450	     0.13745	     0.00207
  4500	     0.12911	     0.00196
  4550	     0.12007	     0.00186
  4600	     0.11075	     0.00175
  4650	     0.10760	     0.00170
  4700	     0.09787	     0.00157
  4750	     0.09642	     0.00157
  4800	     0.08693	     0.00143
  4850	     0.08341	     0.00139
  4900	     0.07696	     0.00134
  4950	     0.07420	     0.00129
# extra	     0.02344
# Tiny Monte Carlo by Scott Prahl (http://omlc.ogi.edu)
# 1 W Point Source Heating in Infinite Isotropic Scattering Medium
# CPU version, adapted for PEAGPGPU by Gustavo Castellano and Nicolas Wolovick
# Scattering =   20.000/cm
# Absorption =    2.000/cm
# Photons    =    32768
#
# 0.092536 seconds
# 354.109964 K photons per second
# Radius	Heat
# [microns]	[W/cm^3]	Error
     0	 20642.04053	   308.16372
    50	  3315.85045	    45.46015
   100	  1302.99255	    16.91018
   150	   734.32475	     8.85882
   200	   483.81431	     5.45150
   250	   345.57216	     3.68122
   300	   255.71447	     2.61979
   350	   200.54016	     1.96658
   400	   158.96958	     1.51090
   450	   131.29885	     1.20362
   500	   110.77046	     0.97715
   550	    93.39884	     0.80546
   600	    80.18984	     0.67180
   650	    69.49360	     0.57036
   700	    60.89922	     0.48680
   750	    53.90137	     0.42087
   800	    47.26506	     0.36547
   850	    41.22419	     0.31798
   900	    37.53349	     0.28049
   950	    32.44999	     0.24538
  1000	    29.47773	     0.21919
  1050	    26.89811	     0.19709
  1100	    23.71881	     0.17565
  1150	    21.59107	     0.15809
  1200	    19.49840	     0.14219
  1250	    17.60145	     0.12860
  1300	    15.99329	     0.11708
  1350	    14.58164	     0.10668
  1400	    12.98968	     0.09647
  1450	    12.10002	     0.08875
  1500	    11.14208	     0.08178
  1550	    10.09079	     0.07408
  1600	     9.33128	     0.06895
  1650	     8.64311	     0.06369
  1700	     7.79503	     0.05810
  1750	     7.09453	     0.05339
  1800	     6.62025	     0.04984
  1850	     6.15973	     0.04673
  1900	     5.70158	     0.04337
  1950	     5.10317	     0.03986
  2000	     4.85887	     0.03764
  2050	     4.40179	     0.03492
  2100	     4.02090	     0.03232
  2150	     3.68723	     0.02994
  2200	     3.39546	     0.02799
  2250	     3.21382	     0.02675
  2300	     2.96570	     0.02465
  2350	     2.76878	     0.02327
  2400	     2.54534	     0.02166
  2450	     2.34696	     0.02022
  2500	     2.15775	     0.01902
  2550	     2.03590	     0.01812
  2600	     1.85386	     0.01669
  2650	     1.72056	     0.01561
  2700	     1.63423	     0.01491
  2750	     1.49045	     0.01387
  2800	     1.38146	     0.01311
  2850	     1.26903	     0.01225
  2900	     1.17223	     0.01140
  2950	     1.10236	     0.01093
  3000	     1.02495	     0.01030
  3050	     0.96889	     0.00976
  3100	     0.91174	     0.00935
  3150	     0.85213	     0.00880
  3200	     0.77691	     0.00811
  3250	     0.74162	     0.00786
  3300	     0.67686	     0.00741
  3350	     0.64083	     0.00701
  3400	     0.59108	     0.00655
  3450	     0.55753	     0.00627
  3500	     0.51019	     0.00579
  3550	     0.47659	     0.00554
  3600	     0.45347	     0.00536
  3650	     0.41849	     0.00506
  3700	     0.38701	     0.00473
  3750	     0.36231	     0.00453
  3800	     0.34673	     0.00435
  3850	     0.32105	     0.00405
  3900	     0.29597	     0.00383
  3950	     0.26643	     0.00349
  4000	     0.25036	     0.00342
  4050	     0.23321	     0.00312
  4100	     0.22031	     0.00300
  4150	     0.21393	     0.00298
  4200	     0.19876	     0.00275
  4250	     0.18606	     0.00261
  4300	     0.17597	     0.00252
  4350	     0.15338	     0.00229
  4400	     0.14743	     0.00214
  4450	     0.13745	     0.00207
  4500	     0.12911	     0.00196
  4550	     0.12007	     0.00186
  4600	     0.11075	     0.00175
  4650	     0.10760	     0.00170
  4700	     0.09787	     0.00157
  4750	     0.09642	     0.00157
  4800	     0.08693	     0.00143
  4850	     0.08341	     0.00139
  4900	     0.07696	     0.00134
  4950	     0.07420	     0.00129
# extra	     0.02344
# Tiny Monte Carlo by Scott Prahl (http://omlc.ogi.edu)
# 1 W Point Source Heating in Infinite Isotropic Scattering Medium
# CPU version, adapted for PEAGPGPU by Gustavo Castellano and Nicolas Wolovick
# Scattering =   20.000/cm
# Absorption =    2.000/cm
# Photons    =    32768
#
# 0.093725 seconds
# 349.618390 K photons per second
# Radius	Heat
# [microns]	[W/cm^3]	Error
     0	 20642.04053	   308.16372
    50	  3315.85045	    45.46015
   100	  1302.99255	    16.91018
   150	   734.32475	     8.85882
   200	   483.81431	     5.45150
   250	   345.57216	     3.68122
   300	   255.71447	     2.61979
   350	   200.54016	     1.96658
   400	   158.96958	     1.51090
   450	   131.29885	     1.20362
   500	   110.77046	     0.97715
   550	    93.39884	     0.80546
   600	    80.18984	     0.67180
   650	    69.49360	     0.57036
   700	    60.89922	     0.48680
   750	    53.90137	     0.42087
   800	    47.26506	     0.36547
   850	    41.22419	     0.31798
   900	    37.53349	     0.28049
   950	    32.44999	     0.24538
  1000	    29.47773	     0.21919
  1050	    26.89811	     0.19709
  1100	    23.71881	     0.17565
  1150	    21.59107	     0.15809
  1200	    19.49840	     0.14219
  1250	    17.60145	     0.12860
  1300	    15.99329	     0.11708
  1350	    14.58164	     0.10668
  1400	    12.98968	     0.09647
  1450	    12.10002	     0.08875
  1500	    11.14208	     0.08178
  1550	    10.09079	     0.07408
  1600	     9.33128	     0.06895
  1650	     8.64311	     0.06369
  1700	     7.79503	     0.05810
  1750	     7.09453	     0.05339
  1800	     6.62025	     0.04984
  1850	     6.15973	     0.04673
  1900	     5.70158	     0.04337
  1950	     5.10317	     0.03986
  2000	     4.85887	     0.03764
  2050	     4.40179	     0.03492
  2100	     4.02090	     0.03232
  2150	     3.68723	     0.02994
  2200	     3.39546	     0.02799
  2250	     3.21382	     0.02675
  2300	     2.96570	     0.02465
  2350	     2.76878	     0.02327
  2400	     2.54534	     0.02166
  2450	     2.34696	     0.02022
  2500	     2.15775	     0.01902
  2550	     2.03590	     0.01812
  2600	     1.85386	     0.01669
  2650	     1.72056	     0.01561
  2700	     1.63423	     0.01491
  2750	     1.49045	     0.01387
  2800	     1.38146	     0.01311
  2850	     1.26903	     0.01225
  2900	     1.17223	     0.01140
  2950	     1.10236	     0.01093
  3000	     1.02495	     0.01030
  3050	     0.96889	     0.00976
  3100	     0.91174	     0.00935
  3150	     0.85213	     0.00880
  3200	     0.77691	     0.00811
  3250	     0.74162	     0.00786
  3300	     0.67686	     0.00741
  3350	     0.64083	     0.00701
  3400	     0.59108	     0.00655
  3450	     0.55753	     0.00627
  3500	     0.51019	     0.00579
  3550	     0.47659	     0.00554
  3600	     0.45347	     0.00536
  3650	     0.41849	     0.00506
  3700	     0.38701	     0.00473
  3750	     0.36231	     0.00453
  3800	     0.34673	     0.00435
  3850	     0.32105	     0.00405
  3900	     0.29597	     0.00383
  3950	     0.26643	     0.00349
  4000	     0.25036	     0.00342
  4050	     0.23321	     0.00312
  4100	     0.22031	     0.00300
  4150	     0.21393	     0.00298
  4200	     0.19876	     0.00275
  4250	     0.18606	     0.00261
  4300	     0.17597	     0.00252
  4350	     0.15338	     0.00229
  4400	     0.14743	     0.00214
  4450	     0.13745	     0.00207
  4500	     0.12911	     0.00196
  4550	     0.12007	     0.00186
  4600	     0.11075	     0.00175
  4650	     0.10760	     0.00170
  4700	     0.09787	     0.00157
  4750	     0.09642	     0.00157
  4800	     0.08693	     0.00143
  4850	     0.08341	     0.00139
  4900	     0.07696	     0.00134
  4950	     0.07420	     0.00129
# extra	     0.02344
# Tiny Monte Carlo by Scott Prahl (http://omlc.ogi.edu)
# 1 W Point Source Heating in Infinite Isotropic Scattering Medium
# CPU version, adapted for PEAGPGPU by Gustavo Castellano and Nicolas Wolovick
# Scattering =   20.000/cm
# Absorption =    2.000/cm
# Photons    =    32768
#
# 0.092214 seconds
# 355.346789 K photons per second
# Radius	Heat
# [microns]	[W/cm^3]	Error
     0	 19867.01807	   303.08587
    50	  3239.63902	    45.01155
   100	  1354.19685	    17.20605
   150	   739.69684	     8.88075
   200	   483.71552	     5.44420
   250	   336.14510	     3.64503
   300	   259.64176	     2.63970
   350	   198.16992	     1.96408
   400	   160.06500	     1.51925
   450	   130.93452	     1.20750
   500	   108.69049	     0.97490
   550	    91.15025	     0.79882
   600	    81.08562	     0.67792
   650	    66.89595	     0.56400
   700	    61.92472	     0.48972
   750	    53.14306	     0.41948
   800	    47.09144	     0.36474
   850	    41.23687	     0.31629
   900	    35.87999	     0.27715
   950	    32.07705	     0.24574
  1000	    29.15924	     0.21908
  1050	    26.46111	     0.19686
  1100	    23.72865	     0.17559
  1150	    21.66281	     0.15757
  1200	    19.42855	     0.14210
  1250	    17.71892	     0.12904
  1300	    16.06791	     0.11663
  1350	    14.82491	     0.10776
  1400	    13.45627	     0.09763
  1450	    12.26623	     0.08920
  1500	    11.11696	     0.08147
  1550	    10.48124	     0.07551
  1600	     9.31147	     0.06850
  1650	     8.35253	     0.06314
  1700	     7.88100	     0.05884
  1750	     7.07077	     0.05375
  1800	     6.67990	     0.05072
  1850	     6.13041	     0.04639
  1900	     5.59693	     0.04327
  1950	     5.25038	     0.04054
  2000	     4.82543	     0.03779
  2050	     4.37811	     0.03484
  2100	     4.08168	     0.03230
  2150	     3.86463	     0.03069
  2200	     3.50549	     0.02840
  2250	     3.23460	     0.02657
  2300	     2.96400	     0.02460
  2350	     2.69069	     0.02300
  2400	     2.54597	     0.02184
  2450	     2.38336	     0.02053
  2500	     2.14554	     0.01896
  2550	     2.00544	     0.01806
  2600	     1.82745	     0.01669
  2650	     1.76461	     0.01594
  2700	     1.61891	     0.01498
  2750	     1.48644	     0.01398
  2800	     1.39901	     0.01311
  2850	     1.29816	     0.01245
  2900	     1.21343	     0.01178
  2950	     1.11527	     0.01098
  3000	     1.03731	     0.01038
  3050	     0.95766	     0.00959
  3100	     0.89351	     0.00918
  3150	     0.82224	     0.00854
  3200	     0.77927	     0.00821
  3250	     0.72602	     0.00778
  3300	     0.67499	     0.00727
  3350	     0.62507	     0.00695
  3400	     0.59308	     0.00662
  3450	     0.56031	     0.00632
  3500	     0.52068	     0.00593
  3550	     0.48131	     0.00565
  3600	     0.45283	     0.00538
  3650	     0.41689	     0.00505
  3700	     0.38735	     0.00468
  3750	     0.36524	     0.00453
  3800	     0.34038	     0.00425
  3850	     0.31403	     0.00404
  3900	     0.30017	     0.00390
  3950	     0.26725	     0.00346
  4000	     0.26558	     0.00349
  4050	     0.24425	     0.00318
  4100	     0.22813	     0.00302
  4150	     0.20646	     0.00282
  4200	     0.19749	     0.00277
  4250	     0.17976	     0.00256
  4300	     0.17243	     0.00250
  4350	     0.16144	     0.00236
  4400	     0.14806	     0.00216
  4450	     0.14012	     0.00213
  4500	     0.13331	     0.00203
  4550	     0.12341	     0.00189
  4600	     0.11534	     0.00182
  4650	     0.10610	     0.00166
  4700	     0.10427	     0.00166
  4750	     0.09466	     0.00156
  4800	     0.09057	     0.00150
  4850	     0.08325	     0.00142
  4900	     0.07679	     0.00131
  4950	     0.07507	     0.00132
# extra	     0.02389
# Tiny Monte Carlo by Scott Prahl (http://omlc.ogi.edu)
# 1 W Point Source Heating in Infinite Isotropic Scattering Medium
# CPU version, adapted for PEAGPGPU by Gustavo Castellano and Nicolas Wolovick
# Scattering =   20.000/cm
# Absorption =    2.000/cm
# Photons    =    32768
#
# 0.095139 seconds
# 344.422922 K photons per second
# Radius	Heat
# [microns]	[W/cm^3]	Error
     0	 19867.01807	   303.08587
    50	  3239.63902	    45.01155
   100	  1354.19685	    17.20605
   150	   739.69684	     8.88075
   200	   483.71552	     5.44420
   250	   336.14510	     3.64503
   300	   259.64176	     2.63970
   350	   198.16992	     1.96408
   400	   160.06500	     1.51925
   450	   130.93452	     1.20750
   500	   108.69049	     0.97490
   550	    91.15025	     0.79882
   600	    81.08562	     0.67792
   650	    66.89595	     0.56400
   700	    61.92472	     0.48972
   750	    53.14306	     0.41948
   800	    47.09144	     0.36474
   850	    41.23687	     0.31629
   900	    35.87999	     0.27715
   950	    32.07705	     0.24574
  1000	    29.15924	     0.21908
  1050	    26.46111	     0.19686
  1100	    23.72865	     0.17559
  1150	    21.66281	     0.15757
  1200	    19.42855	     0.14210
  1250	    17.71892	     0.12904
  1300	    16.06791	     0.11663
  1350	    14.82491	     0.10776
  1400	    13.45627	     0.09763
  1450	    12.26623	     0.08920
  1500	    11.11696	     0.08147
  1550	    10.48124	     0.07551
  1600	     9.31147	     0.06850
  1650	     8.35253	     0.06314
  1700	     7.88100	     0.05884
  1750	     7.07077	     0.05375
  1800	     6.67990	     0.05072
  1850	     6.13041	     0.04639
  1900	     5.59693	     0.04327
  1950	     5.25038	     0.04054
  2000	     4.82543	     0.03779
  2050	     4.37811	     0.03484
  2100	     4.08168	     0.03230
  2150	     3.86463	     0.03069
  2200	     3.50549	     0.02840
  2250	     3.23460	     0.02657
  2300	     2.96400	     0.02460
  2350	     2.69069	     0.02300
  2400	     2.54597	     0.02184
  2450	     2.38336	     0.02053
  2500	     2.14554	     0.01896
  2550	     2.00544	     0.01806
  2600	     1.82745	     0.01669
  2650	     1.76461	     0.01594
  2700	     1.61891	     0.01498
  2750	     1.48644	     0.01398
  2800	     1.39901	     0.01311
  2850	     1.29816	     0.01245
  2900	     1.21343	     0.01178
  2950	     1.11527	     0.01098
  3000	     1.03731	     0.01038
  3050	     0.95766	     0.00959
  3100	     0.89351	     0.00918
  3150	     0.82224	     0.00854
  3200	     0.77927	     0.00821
  3250	     0.72602	     0.00778
  3300	     0.67499	     0.00727
  3350	     0.62507	     0.00695
  3400	     0.59308	     0.00662
  3450	     0.56031	     0.00632
  3500	     0.52068	     0.00593
  3550	     0.48131	     0.00565
  3600	     0.45283	     0.00538
  3650	     0.41689	     0.00505
  3700	     0.38735	     0.00468
  3750	     0.36524	     0.00453
  3800	     0.34038	     0.00425
  3850	     0.31403	     0.00404
  3900	     0.30017	     0.00390
  3950	     0.26725	     0.00346
  4000	     0.26558	     0.00349
  4050	     0.24425	     0.00318
  4100	     0.22813	     0.00302
  4150	     0.20646	     0.00282
  4200	     0.19749	     0.00277
  4250	     0.17976	     0.00256
  4300	     0.17243	     0.00250
  4350	     0.16144	     0.00236
  4400	     0.14806	     0.00216
  4450	     0.14012	     0.00213
  4500	     0.13331	     0.00203
  4550	     0.12341	     0.00189
  4600	     0.11534	     0.00182
  4650	     0.10610	     0.00166
  4700	     0.10427	     0.00166
  4750	     0.09466	     0.00156
  4800	     0.09057	     0.00150
  4850	     0.08325	     0.00142
  4900	     0.07679	     0.00131
  4950	     0.07507	     0.00132
# extra	     0.02389
