# Tiny Monte Carlo by Scott Prahl (http://omlc.ogi.edu)
# 1 W Point Source Heating in Infinite Isotropic Scattering Medium
# CPU version, adapted for PEAGPGPU by Gustavo Castellano and Nicolas Wolovick
# Scattering =   20.000/cm
# Absorption =    2.000/cm
# Photons    =    32768
#
# 0.156376 seconds
# 209.546786 K photons per second
# Radius	Heat
# [microns]	[W/cm^3]	Error
     0	 20446.49414	   306.68634
    50	  3273.14879	    45.28030
   100	  1334.45523	    17.07328
   150	   746.59056	     8.93173
   200	   484.86972	     5.45485
   250	   336.86062	     3.63827
   300	   265.67802	     2.65448
   350	   200.66922	     1.96004
   400	   163.82636	     1.52752
   450	   133.54142	     1.20920
   500	   111.13288	     0.97993
   550	    93.60100	     0.80628
   600	    80.96463	     0.67508
   650	    68.90028	     0.56686
   700	    60.12183	     0.48400
   750	    52.51550	     0.41715
   800	    47.49338	     0.36510
   850	    41.29441	     0.31680
   900	    36.14771	     0.27687
   950	    32.56165	     0.24555
  1000	    28.83514	     0.21801
  1050	    26.08469	     0.19427
  1100	    23.60317	     0.17471
  1150	    21.56142	     0.15703
  1200	    19.25146	     0.14144
  1250	    17.25930	     0.12720
  1300	    15.72305	     0.11578
  1350	    14.56730	     0.10626
  1400	    13.13319	     0.09651
  1450	    11.97499	     0.08838
  1500	    11.14385	     0.08145
  1550	    10.25735	     0.07561
  1600	     9.12411	     0.06850
  1650	     8.61165	     0.06392
  1700	     7.81107	     0.05836
  1750	     7.33555	     0.05449
  1800	     6.66384	     0.05038
  1850	     6.23254	     0.04727
  1900	     5.64073	     0.04367
  1950	     5.08202	     0.03994
  2000	     4.76090	     0.03773
  2050	     4.40352	     0.03501
  2100	     4.11161	     0.03272
  2150	     3.74128	     0.03056
  2200	     3.43805	     0.02832
  2250	     3.16898	     0.02630
  2300	     2.94756	     0.02471
  2350	     2.81372	     0.02339
  2400	     2.54737	     0.02180
  2450	     2.37450	     0.02062
  2500	     2.17209	     0.01910
  2550	     1.99634	     0.01786
  2600	     1.89102	     0.01697
  2650	     1.75690	     0.01588
  2700	     1.61855	     0.01475
  2750	     1.49579	     0.01403
  2800	     1.41676	     0.01324
  2850	     1.29256	     0.01236
  2900	     1.20585	     0.01170
  2950	     1.14426	     0.01121
  3000	     1.05768	     0.01064
  3050	     0.97155	     0.00987
  3100	     0.91604	     0.00942
  3150	     0.83705	     0.00872
  3200	     0.77895	     0.00819
  3250	     0.72800	     0.00778
  3300	     0.69204	     0.00744
  3350	     0.63117	     0.00696
  3400	     0.60344	     0.00670
  3450	     0.54640	     0.00616
  3500	     0.50496	     0.00580
  3550	     0.47265	     0.00553
  3600	     0.44063	     0.00532
  3650	     0.41533	     0.00498
  3700	     0.38315	     0.00464
  3750	     0.36267	     0.00448
  3800	     0.32105	     0.00411
  3850	     0.30907	     0.00391
  3900	     0.29274	     0.00372
  3950	     0.26593	     0.00354
  4000	     0.25159	     0.00335
  4050	     0.23675	     0.00315
  4100	     0.22454	     0.00305
  4150	     0.21217	     0.00288
  4200	     0.19813	     0.00273
  4250	     0.18170	     0.00257
  4300	     0.17352	     0.00248
  4350	     0.16082	     0.00231
  4400	     0.15114	     0.00220
  4450	     0.13884	     0.00210
  4500	     0.13272	     0.00203
  4550	     0.12383	     0.00189
  4600	     0.11520	     0.00179
  4650	     0.11240	     0.00180
  4700	     0.10181	     0.00166
  4750	     0.09526	     0.00161
  4800	     0.08783	     0.00150
  4850	     0.08305	     0.00144
  4900	     0.07948	     0.00135
  4950	     0.06971	     0.00122
# extra	     0.02362
# Tiny Monte Carlo by Scott Prahl (http://omlc.ogi.edu)
# 1 W Point Source Heating in Infinite Isotropic Scattering Medium
# CPU version, adapted for PEAGPGPU by Gustavo Castellano and Nicolas Wolovick
# Scattering =   20.000/cm
# Absorption =    2.000/cm
# Photons    =    32768
#
# 0.156107 seconds
# 209.907826 K photons per second
# Radius	Heat
# [microns]	[W/cm^3]	Error
     0	 20466.30762	   306.75856
    50	  3380.35819	    45.86081
   100	  1351.07057	    17.15871
   150	   726.95611	     8.81947
   200	   485.42194	     5.45757
   250	   341.68153	     3.66100
   300	   261.64492	     2.63819
   350	   203.28562	     1.97330
   400	   162.58819	     1.52356
   450	   132.26902	     1.20396
   500	   109.81499	     0.97296
   550	    94.37921	     0.80658
   600	    81.23895	     0.67450
   650	    69.39974	     0.57120
   700	    59.61879	     0.48262
   750	    53.51275	     0.41991
   800	    46.19061	     0.36186
   850	    41.14517	     0.31671
   900	    36.44705	     0.27807
   950	    32.65214	     0.24691
  1000	    29.26718	     0.21872
  1050	    26.51576	     0.19454
  1100	    24.02188	     0.17567
  1150	    21.62197	     0.15835
  1200	    19.68594	     0.14285
  1250	    17.74624	     0.12900
  1300	    16.00119	     0.11683
  1350	    14.63130	     0.10648
  1400	    13.17242	     0.09648
  1450	    11.98047	     0.08868
  1500	    11.16532	     0.08145
  1550	    10.19355	     0.07482
  1600	     9.30270	     0.06909
  1650	     8.51918	     0.06375
  1700	     7.66084	     0.05806
  1750	     7.12735	     0.05370
  1800	     6.65823	     0.04986
  1850	     6.02411	     0.04635
  1900	     5.40206	     0.04268
  1950	     5.01884	     0.03971
  2000	     4.70129	     0.03716
  2050	     4.44695	     0.03483
  2100	     4.07812	     0.03255
  2150	     3.72529	     0.02999
  2200	     3.47992	     0.02838
  2250	     3.23659	     0.02653
  2300	     2.93792	     0.02452
  2350	     2.74980	     0.02324
  2400	     2.51939	     0.02153
  2450	     2.36007	     0.02046
  2500	     2.19102	     0.01897
  2550	     2.02092	     0.01766
  2600	     1.90003	     0.01690
  2650	     1.73032	     0.01575
  2700	     1.61411	     0.01477
  2750	     1.47627	     0.01376
  2800	     1.38472	     0.01314
  2850	     1.32721	     0.01258
  2900	     1.22238	     0.01183
  2950	     1.14004	     0.01107
  3000	     1.05363	     0.01051
  3050	     0.96484	     0.00985
  3100	     0.90259	     0.00913
  3150	     0.83933	     0.00864
  3200	     0.76687	     0.00820
  3250	     0.71887	     0.00766
  3300	     0.67946	     0.00729
  3350	     0.62956	     0.00701
  3400	     0.58866	     0.00653
  3450	     0.54137	     0.00618
  3500	     0.50423	     0.00586
  3550	     0.47350	     0.00561
  3600	     0.45308	     0.00535
  3650	     0.41438	     0.00492
  3700	     0.39708	     0.00483
  3750	     0.36902	     0.00453
  3800	     0.34321	     0.00430
  3850	     0.31173	     0.00389
  3900	     0.29484	     0.00382
  3950	     0.27477	     0.00361
  4000	     0.25057	     0.00336
  4050	     0.23711	     0.00320
  4100	     0.22586	     0.00307
  4150	     0.20868	     0.00290
  4200	     0.19757	     0.00282
  4250	     0.17902	     0.00260
  4300	     0.17417	     0.00254
  4350	     0.15734	     0.00238
  4400	     0.14731	     0.00225
  4450	     0.13843	     0.00212
  4500	     0.13335	     0.00208
  4550	     0.12173	     0.00194
  4600	     0.11445	     0.00182
  4650	     0.10643	     0.00174
  4700	     0.09734	     0.00162
  4750	     0.09340	     0.00153
  4800	     0.08570	     0.00146
  4850	     0.08087	     0.00138
  4900	     0.07635	     0.00134
  4950	     0.07326	     0.00128
# extra	     0.02359
# Tiny Monte Carlo by Scott Prahl (http://omlc.ogi.edu)
# 1 W Point Source Heating in Infinite Isotropic Scattering Medium
# CPU version, adapted for PEAGPGPU by Gustavo Castellano and Nicolas Wolovick
# Scattering =   20.000/cm
# Absorption =    2.000/cm
# Photons    =    32768
#
# 0.155077 seconds
# 211.301929 K photons per second
# Radius	Heat
# [microns]	[W/cm^3]	Error
     0	 20466.30762	   306.75856
    50	  3380.35819	    45.86081
   100	  1351.07057	    17.15871
   150	   726.95611	     8.81947
   200	   485.42194	     5.45757
   250	   341.68153	     3.66100
   300	   261.64492	     2.63819
   350	   203.28562	     1.97330
   400	   162.58819	     1.52356
   450	   132.26902	     1.20396
   500	   109.81499	     0.97296
   550	    94.37921	     0.80658
   600	    81.23895	     0.67450
   650	    69.39974	     0.57120
   700	    59.61879	     0.48262
   750	    53.51275	     0.41991
   800	    46.19061	     0.36186
   850	    41.14517	     0.31671
   900	    36.44705	     0.27807
   950	    32.65214	     0.24691
  1000	    29.26718	     0.21872
  1050	    26.51576	     0.19454
  1100	    24.02188	     0.17567
  1150	    21.62197	     0.15835
  1200	    19.68594	     0.14285
  1250	    17.74624	     0.12900
  1300	    16.00119	     0.11683
  1350	    14.63130	     0.10648
  1400	    13.17242	     0.09648
  1450	    11.98047	     0.08868
  1500	    11.16532	     0.08145
  1550	    10.19355	     0.07482
  1600	     9.30270	     0.06909
  1650	     8.51918	     0.06375
  1700	     7.66084	     0.05806
  1750	     7.12735	     0.05370
  1800	     6.65823	     0.04986
  1850	     6.02411	     0.04635
  1900	     5.40206	     0.04268
  1950	     5.01884	     0.03971
  2000	     4.70129	     0.03716
  2050	     4.44695	     0.03483
  2100	     4.07812	     0.03255
  2150	     3.72529	     0.02999
  2200	     3.47992	     0.02838
  2250	     3.23659	     0.02653
  2300	     2.93792	     0.02452
  2350	     2.74980	     0.02324
  2400	     2.51939	     0.02153
  2450	     2.36007	     0.02046
  2500	     2.19102	     0.01897
  2550	     2.02092	     0.01766
  2600	     1.90003	     0.01690
  2650	     1.73032	     0.01575
  2700	     1.61411	     0.01477
  2750	     1.47627	     0.01376
  2800	     1.38472	     0.01314
  2850	     1.32721	     0.01258
  2900	     1.22238	     0.01183
  2950	     1.14004	     0.01107
  3000	     1.05363	     0.01051
  3050	     0.96484	     0.00985
  3100	     0.90259	     0.00913
  3150	     0.83933	     0.00864
  3200	     0.76687	     0.00820
  3250	     0.71887	     0.00766
  3300	     0.67946	     0.00729
  3350	     0.62956	     0.00701
  3400	     0.58866	     0.00653
  3450	     0.54137	     0.00618
  3500	     0.50423	     0.00586
  3550	     0.47350	     0.00561
  3600	     0.45308	     0.00535
  3650	     0.41438	     0.00492
  3700	     0.39708	     0.00483
  3750	     0.36902	     0.00453
  3800	     0.34321	     0.00430
  3850	     0.31173	     0.00389
  3900	     0.29484	     0.00382
  3950	     0.27477	     0.00361
  4000	     0.25057	     0.00336
  4050	     0.23711	     0.00320
  4100	     0.22586	     0.00307
  4150	     0.20868	     0.00290
  4200	     0.19757	     0.00282
  4250	     0.17902	     0.00260
  4300	     0.17417	     0.00254
  4350	     0.15734	     0.00238
  4400	     0.14731	     0.00225
  4450	     0.13843	     0.00212
  4500	     0.13335	     0.00208
  4550	     0.12173	     0.00194
  4600	     0.11445	     0.00182
  4650	     0.10643	     0.00174
  4700	     0.09734	     0.00162
  4750	     0.09340	     0.00153
  4800	     0.08570	     0.00146
  4850	     0.08087	     0.00138
  4900	     0.07635	     0.00134
  4950	     0.07326	     0.00128
# extra	     0.02359
# Tiny Monte Carlo by Scott Prahl (http://omlc.ogi.edu)
# 1 W Point Source Heating in Infinite Isotropic Scattering Medium
# CPU version, adapted for PEAGPGPU by Gustavo Castellano and Nicolas Wolovick
# Scattering =   20.000/cm
# Absorption =    2.000/cm
# Photons    =    32768
#
# 0.157881 seconds
# 207.548354 K photons per second
# Radius	Heat
# [microns]	[W/cm^3]	Error
     0	 20466.30762	   306.75856
    50	  3380.35819	    45.86081
   100	  1351.07057	    17.15871
   150	   726.95611	     8.81947
   200	   485.42194	     5.45757
   250	   341.68153	     3.66100
   300	   261.64492	     2.63819
   350	   203.28562	     1.97330
   400	   162.58819	     1.52356
   450	   132.26902	     1.20396
   500	   109.81499	     0.97296
   550	    94.37921	     0.80658
   600	    81.23895	     0.67450
   650	    69.39974	     0.57120
   700	    59.61879	     0.48262
   750	    53.51275	     0.41991
   800	    46.19061	     0.36186
   850	    41.14517	     0.31671
   900	    36.44705	     0.27807
   950	    32.65214	     0.24691
  1000	    29.26718	     0.21872
  1050	    26.51576	     0.19454
  1100	    24.02188	     0.17567
  1150	    21.62197	     0.15835
  1200	    19.68594	     0.14285
  1250	    17.74624	     0.12900
  1300	    16.00119	     0.11683
  1350	    14.63130	     0.10648
  1400	    13.17242	     0.09648
  1450	    11.98047	     0.08868
  1500	    11.16532	     0.08145
  1550	    10.19355	     0.07482
  1600	     9.30270	     0.06909
  1650	     8.51918	     0.06375
  1700	     7.66084	     0.05806
  1750	     7.12735	     0.05370
  1800	     6.65823	     0.04986
  1850	     6.02411	     0.04635
  1900	     5.40206	     0.04268
  1950	     5.01884	     0.03971
  2000	     4.70129	     0.03716
  2050	     4.44695	     0.03483
  2100	     4.07812	     0.03255
  2150	     3.72529	     0.02999
  2200	     3.47992	     0.02838
  2250	     3.23659	     0.02653
  2300	     2.93792	     0.02452
  2350	     2.74980	     0.02324
  2400	     2.51939	     0.02153
  2450	     2.36007	     0.02046
  2500	     2.19102	     0.01897
  2550	     2.02092	     0.01766
  2600	     1.90003	     0.01690
  2650	     1.73032	     0.01575
  2700	     1.61411	     0.01477
  2750	     1.47627	     0.01376
  2800	     1.38472	     0.01314
  2850	     1.32721	     0.01258
  2900	     1.22238	     0.01183
  2950	     1.14004	     0.01107
  3000	     1.05363	     0.01051
  3050	     0.96484	     0.00985
  3100	     0.90259	     0.00913
  3150	     0.83933	     0.00864
  3200	     0.76687	     0.00820
  3250	     0.71887	     0.00766
  3300	     0.67946	     0.00729
  3350	     0.62956	     0.00701
  3400	     0.58866	     0.00653
  3450	     0.54137	     0.00618
  3500	     0.50423	     0.00586
  3550	     0.47350	     0.00561
  3600	     0.45308	     0.00535
  3650	     0.41438	     0.00492
  3700	     0.39708	     0.00483
  3750	     0.36902	     0.00453
  3800	     0.34321	     0.00430
  3850	     0.31173	     0.00389
  3900	     0.29484	     0.00382
  3950	     0.27477	     0.00361
  4000	     0.25057	     0.00336
  4050	     0.23711	     0.00320
  4100	     0.22586	     0.00307
  4150	     0.20868	     0.00290
  4200	     0.19757	     0.00282
  4250	     0.17902	     0.00260
  4300	     0.17417	     0.00254
  4350	     0.15734	     0.00238
  4400	     0.14731	     0.00225
  4450	     0.13843	     0.00212
  4500	     0.13335	     0.00208
  4550	     0.12173	     0.00194
  4600	     0.11445	     0.00182
  4650	     0.10643	     0.00174
  4700	     0.09734	     0.00162
  4750	     0.09340	     0.00153
  4800	     0.08570	     0.00146
  4850	     0.08087	     0.00138
  4900	     0.07635	     0.00134
  4950	     0.07326	     0.00128
# extra	     0.02359
# Tiny Monte Carlo by Scott Prahl (http://omlc.ogi.edu)
# 1 W Point Source Heating in Infinite Isotropic Scattering Medium
# CPU version, adapted for PEAGPGPU by Gustavo Castellano and Nicolas Wolovick
# Scattering =   20.000/cm
# Absorption =    2.000/cm
# Photons    =    32768
#
# 0.159662 seconds
# 205.233310 K photons per second
# Radius	Heat
# [microns]	[W/cm^3]	Error
     0	 20466.30762	   306.75856
    50	  3380.35819	    45.86081
   100	  1351.07057	    17.15871
   150	   726.95611	     8.81947
   200	   485.42194	     5.45757
   250	   341.68153	     3.66100
   300	   261.64492	     2.63819
   350	   203.28562	     1.97330
   400	   162.58819	     1.52356
   450	   132.26902	     1.20396
   500	   109.81499	     0.97296
   550	    94.37921	     0.80658
   600	    81.23895	     0.67450
   650	    69.39974	     0.57120
   700	    59.61879	     0.48262
   750	    53.51275	     0.41991
   800	    46.19061	     0.36186
   850	    41.14517	     0.31671
   900	    36.44705	     0.27807
   950	    32.65214	     0.24691
  1000	    29.26718	     0.21872
  1050	    26.51576	     0.19454
  1100	    24.02188	     0.17567
  1150	    21.62197	     0.15835
  1200	    19.68594	     0.14285
  1250	    17.74624	     0.12900
  1300	    16.00119	     0.11683
  1350	    14.63130	     0.10648
  1400	    13.17242	     0.09648
  1450	    11.98047	     0.08868
  1500	    11.16532	     0.08145
  1550	    10.19355	     0.07482
  1600	     9.30270	     0.06909
  1650	     8.51918	     0.06375
  1700	     7.66084	     0.05806
  1750	     7.12735	     0.05370
  1800	     6.65823	     0.04986
  1850	     6.02411	     0.04635
  1900	     5.40206	     0.04268
  1950	     5.01884	     0.03971
  2000	     4.70129	     0.03716
  2050	     4.44695	     0.03483
  2100	     4.07812	     0.03255
  2150	     3.72529	     0.02999
  2200	     3.47992	     0.02838
  2250	     3.23659	     0.02653
  2300	     2.93792	     0.02452
  2350	     2.74980	     0.02324
  2400	     2.51939	     0.02153
  2450	     2.36007	     0.02046
  2500	     2.19102	     0.01897
  2550	     2.02092	     0.01766
  2600	     1.90003	     0.01690
  2650	     1.73032	     0.01575
  2700	     1.61411	     0.01477
  2750	     1.47627	     0.01376
  2800	     1.38472	     0.01314
  2850	     1.32721	     0.01258
  2900	     1.22238	     0.01183
  2950	     1.14004	     0.01107
  3000	     1.05363	     0.01051
  3050	     0.96484	     0.00985
  3100	     0.90259	     0.00913
  3150	     0.83933	     0.00864
  3200	     0.76687	     0.00820
  3250	     0.71887	     0.00766
  3300	     0.67946	     0.00729
  3350	     0.62956	     0.00701
  3400	     0.58866	     0.00653
  3450	     0.54137	     0.00618
  3500	     0.50423	     0.00586
  3550	     0.47350	     0.00561
  3600	     0.45308	     0.00535
  3650	     0.41438	     0.00492
  3700	     0.39708	     0.00483
  3750	     0.36902	     0.00453
  3800	     0.34321	     0.00430
  3850	     0.31173	     0.00389
  3900	     0.29484	     0.00382
  3950	     0.27477	     0.00361
  4000	     0.25057	     0.00336
  4050	     0.23711	     0.00320
  4100	     0.22586	     0.00307
  4150	     0.20868	     0.00290
  4200	     0.19757	     0.00282
  4250	     0.17902	     0.00260
  4300	     0.17417	     0.00254
  4350	     0.15734	     0.00238
  4400	     0.14731	     0.00225
  4450	     0.13843	     0.00212
  4500	     0.13335	     0.00208
  4550	     0.12173	     0.00194
  4600	     0.11445	     0.00182
  4650	     0.10643	     0.00174
  4700	     0.09734	     0.00162
  4750	     0.09340	     0.00153
  4800	     0.08570	     0.00146
  4850	     0.08087	     0.00138
  4900	     0.07635	     0.00134
  4950	     0.07326	     0.00128
# extra	     0.02359
# Tiny Monte Carlo by Scott Prahl (http://omlc.ogi.edu)
# 1 W Point Source Heating in Infinite Isotropic Scattering Medium
# CPU version, adapted for PEAGPGPU by Gustavo Castellano and Nicolas Wolovick
# Scattering =   20.000/cm
# Absorption =    2.000/cm
# Photons    =    32768
#
# 0.157973 seconds
# 207.427741 K photons per second
# Radius	Heat
# [microns]	[W/cm^3]	Error
     0	 20466.30762	   306.75856
    50	  3380.35819	    45.86081
   100	  1351.07057	    17.15871
   150	   726.95611	     8.81947
   200	   485.42194	     5.45757
   250	   341.68153	     3.66100
   300	   261.64492	     2.63819
   350	   203.28562	     1.97330
   400	   162.58819	     1.52356
   450	   132.26902	     1.20396
   500	   109.81499	     0.97296
   550	    94.37921	     0.80658
   600	    81.23895	     0.67450
   650	    69.39974	     0.57120
   700	    59.61879	     0.48262
   750	    53.51275	     0.41991
   800	    46.19061	     0.36186
   850	    41.14517	     0.31671
   900	    36.44705	     0.27807
   950	    32.65214	     0.24691
  1000	    29.26718	     0.21872
  1050	    26.51576	     0.19454
  1100	    24.02188	     0.17567
  1150	    21.62197	     0.15835
  1200	    19.68594	     0.14285
  1250	    17.74624	     0.12900
  1300	    16.00119	     0.11683
  1350	    14.63130	     0.10648
  1400	    13.17242	     0.09648
  1450	    11.98047	     0.08868
  1500	    11.16532	     0.08145
  1550	    10.19355	     0.07482
  1600	     9.30270	     0.06909
  1650	     8.51918	     0.06375
  1700	     7.66084	     0.05806
  1750	     7.12735	     0.05370
  1800	     6.65823	     0.04986
  1850	     6.02411	     0.04635
  1900	     5.40206	     0.04268
  1950	     5.01884	     0.03971
  2000	     4.70129	     0.03716
  2050	     4.44695	     0.03483
  2100	     4.07812	     0.03255
  2150	     3.72529	     0.02999
  2200	     3.47992	     0.02838
  2250	     3.23659	     0.02653
  2300	     2.93792	     0.02452
  2350	     2.74980	     0.02324
  2400	     2.51939	     0.02153
  2450	     2.36007	     0.02046
  2500	     2.19102	     0.01897
  2550	     2.02092	     0.01766
  2600	     1.90003	     0.01690
  2650	     1.73032	     0.01575
  2700	     1.61411	     0.01477
  2750	     1.47627	     0.01376
  2800	     1.38472	     0.01314
  2850	     1.32721	     0.01258
  2900	     1.22238	     0.01183
  2950	     1.14004	     0.01107
  3000	     1.05363	     0.01051
  3050	     0.96484	     0.00985
  3100	     0.90259	     0.00913
  3150	     0.83933	     0.00864
  3200	     0.76687	     0.00820
  3250	     0.71887	     0.00766
  3300	     0.67946	     0.00729
  3350	     0.62956	     0.00701
  3400	     0.58866	     0.00653
  3450	     0.54137	     0.00618
  3500	     0.50423	     0.00586
  3550	     0.47350	     0.00561
  3600	     0.45308	     0.00535
  3650	     0.41438	     0.00492
  3700	     0.39708	     0.00483
  3750	     0.36902	     0.00453
  3800	     0.34321	     0.00430
  3850	     0.31173	     0.00389
  3900	     0.29484	     0.00382
  3950	     0.27477	     0.00361
  4000	     0.25057	     0.00336
  4050	     0.23711	     0.00320
  4100	     0.22586	     0.00307
  4150	     0.20868	     0.00290
  4200	     0.19757	     0.00282
  4250	     0.17902	     0.00260
  4300	     0.17417	     0.00254
  4350	     0.15734	     0.00238
  4400	     0.14731	     0.00225
  4450	     0.13843	     0.00212
  4500	     0.13335	     0.00208
  4550	     0.12173	     0.00194
  4600	     0.11445	     0.00182
  4650	     0.10643	     0.00174
  4700	     0.09734	     0.00162
  4750	     0.09340	     0.00153
  4800	     0.08570	     0.00146
  4850	     0.08087	     0.00138
  4900	     0.07635	     0.00134
  4950	     0.07326	     0.00128
# extra	     0.02359
# Tiny Monte Carlo by Scott Prahl (http://omlc.ogi.edu)
# 1 W Point Source Heating in Infinite Isotropic Scattering Medium
# CPU version, adapted for PEAGPGPU by Gustavo Castellano and Nicolas Wolovick
# Scattering =   20.000/cm
# Absorption =    2.000/cm
# Photons    =    32768
#
# 0.153649 seconds
# 213.265959 K photons per second
# Radius	Heat
# [microns]	[W/cm^3]	Error
     0	 20466.30762	   306.75856
    50	  3380.35819	    45.86081
   100	  1351.07057	    17.15871
   150	   726.95611	     8.81947
   200	   485.42194	     5.45757
   250	   341.68153	     3.66100
   300	   261.64492	     2.63819
   350	   203.28562	     1.97330
   400	   162.58819	     1.52356
   450	   132.26902	     1.20396
   500	   109.81499	     0.97296
   550	    94.37921	     0.80658
   600	    81.23895	     0.67450
   650	    69.39974	     0.57120
   700	    59.61879	     0.48262
   750	    53.51275	     0.41991
   800	    46.19061	     0.36186
   850	    41.14517	     0.31671
   900	    36.44705	     0.27807
   950	    32.65214	     0.24691
  1000	    29.26718	     0.21872
  1050	    26.51576	     0.19454
  1100	    24.02188	     0.17567
  1150	    21.62197	     0.15835
  1200	    19.68594	     0.14285
  1250	    17.74624	     0.12900
  1300	    16.00119	     0.11683
  1350	    14.63130	     0.10648
  1400	    13.17242	     0.09648
  1450	    11.98047	     0.08868
  1500	    11.16532	     0.08145
  1550	    10.19355	     0.07482
  1600	     9.30270	     0.06909
  1650	     8.51918	     0.06375
  1700	     7.66084	     0.05806
  1750	     7.12735	     0.05370
  1800	     6.65823	     0.04986
  1850	     6.02411	     0.04635
  1900	     5.40206	     0.04268
  1950	     5.01884	     0.03971
  2000	     4.70129	     0.03716
  2050	     4.44695	     0.03483
  2100	     4.07812	     0.03255
  2150	     3.72529	     0.02999
  2200	     3.47992	     0.02838
  2250	     3.23659	     0.02653
  2300	     2.93792	     0.02452
  2350	     2.74980	     0.02324
  2400	     2.51939	     0.02153
  2450	     2.36007	     0.02046
  2500	     2.19102	     0.01897
  2550	     2.02092	     0.01766
  2600	     1.90003	     0.01690
  2650	     1.73032	     0.01575
  2700	     1.61411	     0.01477
  2750	     1.47627	     0.01376
  2800	     1.38472	     0.01314
  2850	     1.32721	     0.01258
  2900	     1.22238	     0.01183
  2950	     1.14004	     0.01107
  3000	     1.05363	     0.01051
  3050	     0.96484	     0.00985
  3100	     0.90259	     0.00913
  3150	     0.83933	     0.00864
  3200	     0.76687	     0.00820
  3250	     0.71887	     0.00766
  3300	     0.67946	     0.00729
  3350	     0.62956	     0.00701
  3400	     0.58866	     0.00653
  3450	     0.54137	     0.00618
  3500	     0.50423	     0.00586
  3550	     0.47350	     0.00561
  3600	     0.45308	     0.00535
  3650	     0.41438	     0.00492
  3700	     0.39708	     0.00483
  3750	     0.36902	     0.00453
  3800	     0.34321	     0.00430
  3850	     0.31173	     0.00389
  3900	     0.29484	     0.00382
  3950	     0.27477	     0.00361
  4000	     0.25057	     0.00336
  4050	     0.23711	     0.00320
  4100	     0.22586	     0.00307
  4150	     0.20868	     0.00290
  4200	     0.19757	     0.00282
  4250	     0.17902	     0.00260
  4300	     0.17417	     0.00254
  4350	     0.15734	     0.00238
  4400	     0.14731	     0.00225
  4450	     0.13843	     0.00212
  4500	     0.13335	     0.00208
  4550	     0.12173	     0.00194
  4600	     0.11445	     0.00182
  4650	     0.10643	     0.00174
  4700	     0.09734	     0.00162
  4750	     0.09340	     0.00153
  4800	     0.08570	     0.00146
  4850	     0.08087	     0.00138
  4900	     0.07635	     0.00134
  4950	     0.07326	     0.00128
# extra	     0.02359
# Tiny Monte Carlo by Scott Prahl (http://omlc.ogi.edu)
# 1 W Point Source Heating in Infinite Isotropic Scattering Medium
# CPU version, adapted for PEAGPGPU by Gustavo Castellano and Nicolas Wolovick
# Scattering =   20.000/cm
# Absorption =    2.000/cm
# Photons    =    32768
#
# 0.159705 seconds
# 205.178014 K photons per second
# Radius	Heat
# [microns]	[W/cm^3]	Error
     0	 20466.30762	   306.75856
    50	  3380.35819	    45.86081
   100	  1351.07057	    17.15871
   150	   726.95611	     8.81947
   200	   485.42194	     5.45757
   250	   341.68153	     3.66100
   300	   261.64492	     2.63819
   350	   203.28562	     1.97330
   400	   162.58819	     1.52356
   450	   132.26902	     1.20396
   500	   109.81499	     0.97296
   550	    94.37921	     0.80658
   600	    81.23895	     0.67450
   650	    69.39974	     0.57120
   700	    59.61879	     0.48262
   750	    53.51275	     0.41991
   800	    46.19061	     0.36186
   850	    41.14517	     0.31671
   900	    36.44705	     0.27807
   950	    32.65214	     0.24691
  1000	    29.26718	     0.21872
  1050	    26.51576	     0.19454
  1100	    24.02188	     0.17567
  1150	    21.62197	     0.15835
  1200	    19.68594	     0.14285
  1250	    17.74624	     0.12900
  1300	    16.00119	     0.11683
  1350	    14.63130	     0.10648
  1400	    13.17242	     0.09648
  1450	    11.98047	     0.08868
  1500	    11.16532	     0.08145
  1550	    10.19355	     0.07482
  1600	     9.30270	     0.06909
  1650	     8.51918	     0.06375
  1700	     7.66084	     0.05806
  1750	     7.12735	     0.05370
  1800	     6.65823	     0.04986
  1850	     6.02411	     0.04635
  1900	     5.40206	     0.04268
  1950	     5.01884	     0.03971
  2000	     4.70129	     0.03716
  2050	     4.44695	     0.03483
  2100	     4.07812	     0.03255
  2150	     3.72529	     0.02999
  2200	     3.47992	     0.02838
  2250	     3.23659	     0.02653
  2300	     2.93792	     0.02452
  2350	     2.74980	     0.02324
  2400	     2.51939	     0.02153
  2450	     2.36007	     0.02046
  2500	     2.19102	     0.01897
  2550	     2.02092	     0.01766
  2600	     1.90003	     0.01690
  2650	     1.73032	     0.01575
  2700	     1.61411	     0.01477
  2750	     1.47627	     0.01376
  2800	     1.38472	     0.01314
  2850	     1.32721	     0.01258
  2900	     1.22238	     0.01183
  2950	     1.14004	     0.01107
  3000	     1.05363	     0.01051
  3050	     0.96484	     0.00985
  3100	     0.90259	     0.00913
  3150	     0.83933	     0.00864
  3200	     0.76687	     0.00820
  3250	     0.71887	     0.00766
  3300	     0.67946	     0.00729
  3350	     0.62956	     0.00701
  3400	     0.58866	     0.00653
  3450	     0.54137	     0.00618
  3500	     0.50423	     0.00586
  3550	     0.47350	     0.00561
  3600	     0.45308	     0.00535
  3650	     0.41438	     0.00492
  3700	     0.39708	     0.00483
  3750	     0.36902	     0.00453
  3800	     0.34321	     0.00430
  3850	     0.31173	     0.00389
  3900	     0.29484	     0.00382
  3950	     0.27477	     0.00361
  4000	     0.25057	     0.00336
  4050	     0.23711	     0.00320
  4100	     0.22586	     0.00307
  4150	     0.20868	     0.00290
  4200	     0.19757	     0.00282
  4250	     0.17902	     0.00260
  4300	     0.17417	     0.00254
  4350	     0.15734	     0.00238
  4400	     0.14731	     0.00225
  4450	     0.13843	     0.00212
  4500	     0.13335	     0.00208
  4550	     0.12173	     0.00194
  4600	     0.11445	     0.00182
  4650	     0.10643	     0.00174
  4700	     0.09734	     0.00162
  4750	     0.09340	     0.00153
  4800	     0.08570	     0.00146
  4850	     0.08087	     0.00138
  4900	     0.07635	     0.00134
  4950	     0.07326	     0.00128
# extra	     0.02359
# Tiny Monte Carlo by Scott Prahl (http://omlc.ogi.edu)
# 1 W Point Source Heating in Infinite Isotropic Scattering Medium
# CPU version, adapted for PEAGPGPU by Gustavo Castellano and Nicolas Wolovick
# Scattering =   20.000/cm
# Absorption =    2.000/cm
# Photons    =    32768
#
# 0.153803 seconds
# 213.051922 K photons per second
# Radius	Heat
# [microns]	[W/cm^3]	Error
     0	 20716.50146	   308.66157
    50	  3170.13407	    44.60290
   100	  1322.75406	    17.03998
   150	   733.25826	     8.87181
   200	   476.39014	     5.41475
   250	   335.86234	     3.64026
   300	   255.25354	     2.62314
   350	   200.13295	     1.96363
   400	   163.01190	     1.52167
   450	   132.38081	     1.20568
   500	   111.37042	     0.97756
   550	    94.42592	     0.80797
   600	    81.03776	     0.67281
   650	    69.84038	     0.57006
   700	    59.74348	     0.48184
   750	    53.04481	     0.41904
   800	    46.30024	     0.36204
   850	    41.73192	     0.31754
   900	    37.12792	     0.28019
   950	    33.45985	     0.24793
  1000	    29.35169	     0.21947
  1050	    26.61116	     0.19566
  1100	    23.75043	     0.17506
  1150	    21.33074	     0.15699
  1200	    19.31242	     0.14166
  1250	    17.67527	     0.12913
  1300	    15.71370	     0.11614
  1350	    14.73098	     0.10676
  1400	    13.17488	     0.09691
  1450	    12.08798	     0.08821
  1500	    11.07227	     0.08158
  1550	    10.11408	     0.07465
  1600	     9.28806	     0.06891
  1650	     8.56691	     0.06408
  1700	     7.85715	     0.05845
  1750	     7.35733	     0.05479
  1800	     6.69276	     0.05074
  1850	     6.31286	     0.04773
  1900	     5.62923	     0.04339
  1950	     5.15592	     0.03994
  2000	     4.78609	     0.03729
  2050	     4.41388	     0.03499
  2100	     3.97105	     0.03223
  2150	     3.74306	     0.03024
  2200	     3.44649	     0.02819
  2250	     3.18383	     0.02661
  2300	     2.94292	     0.02475
  2350	     2.75575	     0.02315
  2400	     2.53664	     0.02181
  2450	     2.34989	     0.02045
  2500	     2.17756	     0.01914
  2550	     2.00776	     0.01793
  2600	     1.87963	     0.01686
  2650	     1.71452	     0.01568
  2700	     1.60731	     0.01481
  2750	     1.50866	     0.01405
  2800	     1.40976	     0.01326
  2850	     1.28839	     0.01230
  2900	     1.17533	     0.01138
  2950	     1.09132	     0.01079
  3000	     1.04009	     0.01026
  3050	     0.95661	     0.00973
  3100	     0.90154	     0.00923
  3150	     0.83788	     0.00874
  3200	     0.77372	     0.00822
  3250	     0.71042	     0.00771
  3300	     0.68840	     0.00742
  3350	     0.62648	     0.00697
  3400	     0.60207	     0.00665
  3450	     0.55129	     0.00621
  3500	     0.51713	     0.00594
  3550	     0.47722	     0.00556
  3600	     0.45654	     0.00540
  3650	     0.41851	     0.00501
  3700	     0.39152	     0.00476
  3750	     0.36516	     0.00448
  3800	     0.33957	     0.00424
  3850	     0.31256	     0.00398
  3900	     0.28890	     0.00369
  3950	     0.27659	     0.00362
  4000	     0.25626	     0.00342
  4050	     0.24514	     0.00325
  4100	     0.22682	     0.00308
  4150	     0.21349	     0.00293
  4200	     0.19798	     0.00278
  4250	     0.18020	     0.00262
  4300	     0.17673	     0.00255
  4350	     0.16260	     0.00236
  4400	     0.15499	     0.00228
  4450	     0.13771	     0.00211
  4500	     0.13286	     0.00204
  4550	     0.12413	     0.00201
  4600	     0.11423	     0.00178
  4650	     0.10499	     0.00169
  4700	     0.09905	     0.00162
  4750	     0.09283	     0.00150
  4800	     0.08841	     0.00152
  4850	     0.08255	     0.00143
  4900	     0.07579	     0.00131
  4950	     0.06955	     0.00120
# extra	     0.02340
# Tiny Monte Carlo by Scott Prahl (http://omlc.ogi.edu)
# 1 W Point Source Heating in Infinite Isotropic Scattering Medium
# CPU version, adapted for PEAGPGPU by Gustavo Castellano and Nicolas Wolovick
# Scattering =   20.000/cm
# Absorption =    2.000/cm
# Photons    =    32768
#
# 0.157622 seconds
# 207.889913 K photons per second
# Radius	Heat
# [microns]	[W/cm^3]	Error
     0	 20716.50146	   308.66157
    50	  3170.13407	    44.60290
   100	  1322.75406	    17.03998
   150	   733.25826	     8.87181
   200	   476.39014	     5.41475
   250	   335.86234	     3.64026
   300	   255.25354	     2.62314
   350	   200.13295	     1.96363
   400	   163.01190	     1.52167
   450	   132.38081	     1.20568
   500	   111.37042	     0.97756
   550	    94.42592	     0.80797
   600	    81.03776	     0.67281
   650	    69.84038	     0.57006
   700	    59.74348	     0.48184
   750	    53.04481	     0.41904
   800	    46.30024	     0.36204
   850	    41.73192	     0.31754
   900	    37.12792	     0.28019
   950	    33.45985	     0.24793
  1000	    29.35169	     0.21947
  1050	    26.61116	     0.19566
  1100	    23.75043	     0.17506
  1150	    21.33074	     0.15699
  1200	    19.31242	     0.14166
  1250	    17.67527	     0.12913
  1300	    15.71370	     0.11614
  1350	    14.73098	     0.10676
  1400	    13.17488	     0.09691
  1450	    12.08798	     0.08821
  1500	    11.07227	     0.08158
  1550	    10.11408	     0.07465
  1600	     9.28806	     0.06891
  1650	     8.56691	     0.06408
  1700	     7.85715	     0.05845
  1750	     7.35733	     0.05479
  1800	     6.69276	     0.05074
  1850	     6.31286	     0.04773
  1900	     5.62923	     0.04339
  1950	     5.15592	     0.03994
  2000	     4.78609	     0.03729
  2050	     4.41388	     0.03499
  2100	     3.97105	     0.03223
  2150	     3.74306	     0.03024
  2200	     3.44649	     0.02819
  2250	     3.18383	     0.02661
  2300	     2.94292	     0.02475
  2350	     2.75575	     0.02315
  2400	     2.53664	     0.02181
  2450	     2.34989	     0.02045
  2500	     2.17756	     0.01914
  2550	     2.00776	     0.01793
  2600	     1.87963	     0.01686
  2650	     1.71452	     0.01568
  2700	     1.60731	     0.01481
  2750	     1.50866	     0.01405
  2800	     1.40976	     0.01326
  2850	     1.28839	     0.01230
  2900	     1.17533	     0.01138
  2950	     1.09132	     0.01079
  3000	     1.04009	     0.01026
  3050	     0.95661	     0.00973
  3100	     0.90154	     0.00923
  3150	     0.83788	     0.00874
  3200	     0.77372	     0.00822
  3250	     0.71042	     0.00771
  3300	     0.68840	     0.00742
  3350	     0.62648	     0.00697
  3400	     0.60207	     0.00665
  3450	     0.55129	     0.00621
  3500	     0.51713	     0.00594
  3550	     0.47722	     0.00556
  3600	     0.45654	     0.00540
  3650	     0.41851	     0.00501
  3700	     0.39152	     0.00476
  3750	     0.36516	     0.00448
  3800	     0.33957	     0.00424
  3850	     0.31256	     0.00398
  3900	     0.28890	     0.00369
  3950	     0.27659	     0.00362
  4000	     0.25626	     0.00342
  4050	     0.24514	     0.00325
  4100	     0.22682	     0.00308
  4150	     0.21349	     0.00293
  4200	     0.19798	     0.00278
  4250	     0.18020	     0.00262
  4300	     0.17673	     0.00255
  4350	     0.16260	     0.00236
  4400	     0.15499	     0.00228
  4450	     0.13771	     0.00211
  4500	     0.13286	     0.00204
  4550	     0.12413	     0.00201
  4600	     0.11423	     0.00178
  4650	     0.10499	     0.00169
  4700	     0.09905	     0.00162
  4750	     0.09283	     0.00150
  4800	     0.08841	     0.00152
  4850	     0.08255	     0.00143
  4900	     0.07579	     0.00131
  4950	     0.06955	     0.00120
# extra	     0.02340
